1 83 271 765 112 700 841 335 570 111 252 999 793 381 728 269 157 857 45 745 633 221 409 950 744 932 426 820 314 202 296 996 184 678 72 707 407 995 230 71 912 453 247 435 882 70 564 499 293 340 228 769 957 845 733 433 368 815 656 638 732 273 161 702 937 113 301 889 683 430 
665 459 159 47 94 29 823 523 711 599 187 681 28 569 916 804 486 74 615 803 297 485 932 773 914 708 502 643 437 137 325 166 960 754 548 642 483 277 71 118 306 706 894 594 782 276 70 117 305 99 799 987 575 163 304 4 845 33 921 762 303 191 238 126 620 967 508 255 890 984 78 872 666 460 807 348 442 936 30 124 918 712 806 553 694 488 
329 376 264 58 105 646 440 187 375 916 104 645 833 374 309 850 944 485 673 561 961 149 690 925 466 7 242 689 130 830 671 212 653 353 941 35 82 623 17 558 99 334 875 63 351 192 80 268 809 350 538 426 967 155 696 
696 584 172 13 901 948 836 724 171 565 106 647 535 423 770 311 852 693 534 422 310 10 198 739 974 674 215 103 291 338 973 514 355 702 943 178 878 560 307 195 589 830 65 606 794 335 382 876 64 605 493 681 222 316 110 904 998 792 586 286 474 15 856 697 585 773 314 902 743 772 660 201 742 930 24 
518 865 406 947 835 70 611 152 40 928 116 657 245 39 927 274 815 450 638 385 132 320 861 749 290 478 366 207 95 889 430 618 906 94 794 982 223 411 952 140 28 428 316 504 92 633 821 362 550 438 979 520 708 596 137 325 866 407 295 342 530 71 612 959 500 688 229 417 958 499 434 622 210 4 986 527 68 256 191 
826 714 255 843 984 525 713 601 142 683 918 412 300 47 235 776 964 11 505 693 234 122 663 851 392 739 233 121 821 56 503 691 738 279 214 914 802 390 578 119 307 848 36 577 465 6 194 241 641 735 323 417 605 146 687 875 416 604 492 192 733 921 462 650 191 538 79 967 508 602 743 284 825 172 
172 760 648 189 583 124 312 712 600 694 235 76 423 264 852 993 281 469 10 198 739 486 927 168 356 244 291 738 85 626 814 355 243 990 37 925 466 354 401 289 383 83 18 606 147 335 876 64 605 652 193 381 922 110 810 998 539 427 127 315 856 44 585 473 14 902 743 931 472 60 248 789 724 265 453 41 582 770 311 199 740 
740 928 469 357 245 786 974 515 703 591 385 132 273 814 749 196 384 925 113 654 542 242 430 971 159 700 888 429 364 858 46 634 681 222 410 998 539 886 427 315 503 44 585 632 820 361 549 90 631 819 360 548 248 436 977 865 406 594 482 
482 23 723 911 611 799 340 528 69 957 498 686 974 368 909 256 797 338 526 226 414 955 143 684 225 413 954 142 683 871 412 953 347 94 635 823 364 711 999 140 681 28 569 804 345 886 121 662 850 391 932 120 661 849 390 578 119 660 848 389 577 118 306 847 388 576 117 305 893 34 575 275 463 4 939 480 556 144 
144 985 573 761 302 490 31 572 760 301 489 30 918 459 806 694 235 423 964 552 740 281 469 10 551 739 327 168 356 944 644 832 373 961 149 690 878 419 607 148 689 877 418 512 559 147 494 35 576 464 652 193 381 922 669 510 745 286 827 62 603 791 379 267 808 155 443 331 519 60 601 536 424 965 853 41 582 470 
564 311 899 787 975 516 404 945 133 674 862 403 291 385 132 20 561 749 290 384 431 672 719 607 954 195 383 271 812 653 400 841 541 82 270 811 999 746 287 522 410 110 651 839 380 521 362 456 997 697 932 473 661 249 790 978 519 60 107 295 342 883 771 865 312 659 
200 294 835 723 911 452 152 340 881 69 863 563 404 592 292 480 21 909 450 544 85 273 814 2 543 384 225 413 954 495 683 571 18 65 253 794 982 523 411 505 205 746 934 981 522 710 251 298 839 980 774 315 662 
203 91 138 726 867 914 802 343 43 231 772 960 501 389 89 277 818 6 594 735 976 164 705 52 593 481 181 369 910 798 986 433 480 368 415 909 797 985 526 414 302 843 31 572 760 301 1 189 30 571 806 347 888 76 776 964 
964 852 440 487 28 216 57 757 598 139 327 27 215 756 944 485 26 214 755 943 484 372 913 101 989 530 718 959 847 82 529 876 417 52 193 734 922 622 510 210 398 986 174 715 256 444 332 873 61 602 143 331 872 107 348 695 583 124 12 553 741 282 470 11 199 740 281 469 10 198 739 927 168 
168 356 897 244 132 673 561 496 196 337 37 578 766 307 495 783 971 718 512 700 241 429 670 717 511 905 446 34 222 763 998 745 445 539 680 221 762 156 697 838 379 567 108 649 537 884 425 613 154 854 42 583 771 312 900 247 788 976 676 864 405 946 134 675 863 
863 404 292 833 68 609 497 38 273 561 749 290 478 19 207 748 889 430 971 159 700 888 776 317 858 46 793 934 475 410 951 139 727 268 503 744 791 979 520 408 949 137 231 772 313 660 201 389 930 118 359 547 435 976 564 405 293 481 369 910 498 686 574 115 656 544 732 
526 226 414 955 143 684 572 113 160 348 889 430 665 553 94 635 823 364 552 93 981 681 869 410 757 298 486 27 615 709 409 644 344 532 73 614 849 737 278 819 7 595 436 624 165 53 641 829 229 417 958 146 687 528 669 463 557 351 798 892 986 
480 527 715 162 256 50 144 238 685 126 573 367 414 255 349 443 890 937 778 966 507 695 236 777 965 12 553 741 282 982 170 58 758 899 599 187 375 963 57 598 786 327 74 309 850 197 991 38 579 420 120 308 849 737 784 719 307 195 736 924 465 653 
