38 21 132 96 24 125 135 43 7 141 95 59 46 124 121 42 6 140 94 68 22 156 120 84 2 103 100 18 119 73 70 34 89 86 40 4 128 105 56 20 134 108 62 26 160 78 32 130 58 35 136 54 152 106 57 158 122 76 79 10 131 13 147 111 65 29 153 117 71 159 
29 156 39 3 48 13 58 68 114 160 124 169 88 85 130 140 104 127 101 170 7 180 49 177 141 82 151 10 33 20 66 89 76 99 86 131 95 1 47 11 56 21 30 122 50 96 60 24 174 34 184 44 8 158 18 168 28 178 38 106 152 116 57 172 136 181 146 110 155 120 165 94 22 32 182 84 12 159 111 75 72 163 23 137 147 157 
28 147 111 75 39 23 142 106 102 54 30 14 133 97 61 45 9 128 92 56 20 4 123 99 63 55 11 130 114 78 62 6 145 137 93 85 21 5 124 116 60 72 139 119 51 7 98 22 121 77 33 25 108 68 79 
9 88 117 121 46 50 16 116 7 11 15 115 119 38 142 89 18 32 79 83 162 10 82 29 5 71 128 122 4 8 102 74 78 125 101 167 96 100 108 133 84 131 47 13 107 111 136 87 67 34 42 146 150 30 59 14 43 94 160 98 27 31 92 6 19 123 135 64 164 49 168 40 144 91 95 
25 176 14 112 84 164 21 20 37 152 71 124 60 139 120 155 172 108 125 159 33 121 58 173 11 126 62 79 158 59 165 137 56 73 9 26 16 15 23 57 110 46 17 133 69 103 156 92 171 54 53 168 42 76 12 163 153 90 141 77 149 49 91 27 178 131 31 93 47 100 55 170 70 61 129 65 169 105 96 
94 80 97 148 66 113 68 23 169 124 28 14 44 125 50 5 52 133 51 20 149 104 134 106 31 153 156 81 142 15 114 158 38 160 115 40 73 120 157 105 60 77 49 35 79 4 118 165 140 119 173 128 130 3 132 162 117 154 27 74 121 76 48 159 36 53 100 21 85 122 42 109 64 67 
82 129 28 155 151 101 177 43 170 116 142 84 135 110 161 136 180 68 174 120 87 167 113 59 5 132 31 78 158 100 50 144 123 69 15 138 88 160 30 157 103 75 17 18 94 141 11 106 23 42 39 7 163 74 122 14 134 26 179 150 46 65 58 77 70 13 162 108 102 38 86 137 83 109 55 1 128 175 121 20 143 
11 101 131 49 126 44 121 108 155 73 21 81 55 145 63 93 114 88 19 152 53 14 147 78 22 112 56 17 150 51 25 12 89 20 123 54 84 2 118 66 100 74 31 39 146 133 8 128 85 46 80 157 105 36 113 57 18 95 129 
162 110 166 114 6 71 136 23 88 97 22 87 152 39 1 117 69 8 147 95 34 52 169 60 177 21 29 28 59 67 89 58 10 57 18 17 165 164 125 16 133 94 55 124 85 154 45 101 49 119 127 135 104 91 99 128 141 175 75 144 35 100 174 65 82 113 121 129 176 122 4 74 73 142 33 76 146 102 
102 171 110 132 118 140 32 148 35 105 170 39 61 130 91 160 51 134 21 90 137 28 106 76 24 27 166 57 79 17 109 52 99 164 126 125 16 85 107 116 115 128 15 84 153 114 6 122 83 40 87 152 44 5 121 82 151 42 4 3 72 141 55 62 145 101 14 104 0 177 68 147 133 155 7 63 20 67 
109 28 63 148 98 133 162 31 0 6 14 99 105 74 138 38 123 92 11 17 152 102 21 35 163 82 57 68 106 54 110 29 85 4 89 145 93 128 47 26 111 156 33 118 37 72 1 65 150 69 154 160 79 164 27 41 86 115 34 90 125 73 23 58 151 84 
145 30 49 61 73 59 31 50 88 55 67 65 84 96 108 146 5 137 142 34 13 51 63 82 87 80 92 104 116 128 140 32 44 56 101 113 132 17 149 109 147 114 6 18 37 75 106 118 111 123 15 27 39 
12 140 110 71 32 149 139 100 41 2 148 56 17 48 145 137 1 118 59 79 40 138 119 91 72 33 130 111 131 83 103 64 34 151 92 123 93 45 6 132 54 24 5 133 124 105 75 36 84 25 142 65 37 57 38 29 
88 82 55 28 49 90 16 84 146 15 161 113 134 107 80 158 131 47 20 166 139 65 38 163 136 62 14 124 66 39 117 6 152 125 30 92 154 127 32 5 26 172 145 118 112 64 1 79 168 141 46 19 144 159 27 116 83 56 155 128 23 11 157 151 103 76 100 67 40 96 33 94 61 
137 89 23 42 37 136 118 52 84 66 18 117 14 113 47 164 13 94 151 110 69 28 85 44 3 60 1 58 102 159 33 77 116 75 132 91 130 107 48 87 64 103 62 21 78 76 35 74 51 90 49 8 6 45 22 61 100 82 142 16 158 32 156 30 7 
83 130 104 151 125 5 52 26 154 34 81 55 102 63 123 84 131 105 152 32 6 134 87 61 90 103 119 161 7 36 138 60 162 97 19 121 150 158 20 62 164 86 21 45 160 82 4 59 153 88 117 3 66 74 9 38 127 136 58 92 100 35 64 101 24 53 155 
55 87 7 26 28 120 141 42 74 117 149 138 50 71 114 103 4 34 85 31 63 125 127 60 122 154 25 44 76 155 15 75 77 107 128 40 61 91 123 142 24 56 118 10 83 104 136 18 48 80 112 144 89 94 121 33 22 84 86 17 49 
97 62 35 38 41 44 26 29 70 153 88 91 73 76 117 138 17 55 58 61 64 46 49 52 111 93 114 155 158 140 161 40 99 102 43 25 28 13 34 37 116 81 84 87 4 7 10 157 57 60 42 101 104 1 63 45 48 110 92 95 30 33 
123 108 1 58 115 8 100 0 92 142 42 99 149 134 27 156 141 133 19 46 11 103 95 23 80 72 57 114 7 64 121 148 98 155 48 33 67 45 102 159 124 109 2 52 59 37 101 158 21 71 135 63 55 112 90 147 40 5 47 139 89 146 39 131 
127 141 34 99 150 87 10 119 12 26 91 112 170 63 7 21 86 151 88 120 57 108 1 66 3 163 49 70 114 28 137 74 62 171 20 159 24 68 93 107 51 160 2 67 132 69 164 89 77 121 65 130 111 4 113 101 122 8 124 17 61 75 140 161 54 5 135 58 123 46 104 125 
103 104 105 84 85 108 109 88 67 68 69 48 27 5 6 183 184 185 186 187 165 166 167 168 169 170 127 128 151 152 131 154 155 156 135 136 159 160 139 118 119 76 55 78 57 58 59 60 61 40 63 42 21 44 45 46 47 26 28 7 188 145 147 148 171 149 129 130 87 134 24 2 3 4 8 144 146 125 83 86 64 65 66 70 71 50 29 30 164 107 89 90 51 74 75 54 56 82 62 
152 61 104 78 49 30 158 103 77 84 29 150 95 112 28 38 123 68 13 23 170 115 151 96 70 162 107 117 62 7 128 73 54 175 156 65 46 82 34 15 136 45 138 5 90 97 42 59 144 89 106 98 72 43 24 145 64 9 94 111 27 37 122 67 12 52 173 154 71 163 4 125 44 110 91 157 
18 82 146 71 135 2 40 162 168 189 195 120 184 76 109 147 14 78 3 105 42 144 112 133 38 140 65 129 193 118 124 183 151 77 141 8 72 136 125 114 178 45 13 173 99 67 131 19 83 116 180 169 132 74 37 159 165 27 7 28 92 60 145 12 130 194 57 121 20 84 9 111 175 80 43 32 96 160 91 16 176 70 172 39 161 17 81 49 113 34 156 119 50 126 25 31 127 
14 43 56 158 7 20 122 44 78 86 13 128 144 152 87 121 142 4 106 41 130 65 94 102 136 71 100 35 137 72 36 138 60 162 24 32 74 103 38 127 62 10 112 47 149 84 6 108 85 101 151 73 8 110 134 93 135 57 159 0 16 131 53 160 95 22 124 
112 118 37 6 41 105 140 9 144 63 13 98 133 102 137 56 155 24 109 73 81 91 10 145 14 99 74 138 28 42 127 156 46 0 85 141 60 29 114 149 47 163 32 1 86 142 40 131 50 135 4 139 124 43 128 97 103 72 107 5 19 75 160 79 136 55 
89 63 8 129 103 48 55 29 150 66 76 21 142 87 94 68 160 141 122 67 41 133 78 88 33 4 154 125 135 58 13 134 115 100 24 38 19 147 157 102 152 123 97 42 49 170 151 60 70 15 45 140 85 59 161 25 146 91 36 43 171 12 121 37 54 175 84 46 131 86 31 104 99 2 149 30 
56 111 6 158 126 0 152 22 174 149 117 63 34 5 60 82 53 104 155 130 97 47 95 31 119 98 66 30 85 49 145 113 81 65 33 161 129 17 52 20 72 148 112 160 132 100 75 87 55 131 99 179 147 115 83 134 150 166 102 77 125 13 162 70 38 118 90 54 29 178 153 121 89 61 45 50 146 41 12 86 32 
59 121 157 124 14 65 50 61 79 2 159 16 129 114 99 128 164 72 152 53 104 169 41 106 135 28 144 60 4 143 33 84 86 148 20 85 150 43 57 122 110 3 127 35 130 64 82 49 111 34 8 7 36 75 42 71 107 92 44 109 94 156 108 93 78 48 22 51 80 116 101 163 
87 39 90 124 76 110 45 171 31 160 108 145 18 161 38 130 119 146 118 12 165 62 154 109 139 94 131 4 133 6 36 8 55 27 126 91 16 63 93 147 20 149 5 134 74 173 29 158 1 78 115 162 117 156 141 96 50 89 7 153 71 26 172 127 0 30 159 111 97 52 69 99 54 56 
126 61 114 138 17 58 132 64 155 46 158 70 161 73 2 146 5 105 87 111 152 143 78 93 43 149 137 34 81 37 31 19 72 66 16 96 69 75 113 116 84 63 101 104 57 39 160 1 4 7 27 51 54 36 42 24 86 148 9 68 71 133 
